%YAML:1.0
calibration_time: "Mi 28 Mär 2012 14:13:31 CEST"
nframes: 10
image_width: 320
image_height: 240
board_width: 8
board_height: 6
square_size: 2.5399999618530273e+00
flags: 0
camera_matrix: !!opencv-matrix
   rows: 3
   cols: 3
   dt: d
   data: [ 2.8856391339422925e+02, 0., 1.5602819397477850e+02, 0.,
       2.8446827726278644e+02, 1.1153580190229269e+02, 0., 0., 1. ]
distortion_coefficients: !!opencv-matrix
   rows: 5
   cols: 1
   dt: d
   data: [ 9.1240746270705428e-02, -2.8745994339695397e-01,
       1.8891719675274753e-03, -1.7930665030902364e-03,
       9.8280930311843484e-02 ]
avg_reprojection_error: 2.7561819480585165e-01
per_view_reprojection_errors: !!opencv-matrix
   rows: 10
   cols: 1
   dt: f
   data: [ 1.48796543e-01, 1.21425055e-01, 1.17225431e-01,
       1.30692169e-01, 1.19254589e-01, 7.81062484e-01, 1.12494148e-01,
       1.20172136e-01, 1.38410255e-01, 1.46332711e-01 ]
# a set of 6-tuples (rotation vector + translation vector) for each view
extrinsic_parameters: !!opencv-matrix
   rows: 10
   cols: 6
   dt: d
   data: [ -1.0108542602313444e-01, -8.2263819827854454e-02,
       2.4797053263210165e-02, -5.0023332220950607e+00,
       -4.8788060288894597e+00, 4.5285984266356358e+01,
       -4.2395729258889174e-02, -9.9525800958308458e-02,
       -1.4019689738725137e-02, -1.7079109402194309e+01,
       -1.2827718120054101e+01, 4.1643940122395293e+01,
       -1.1662334617262303e-01, -3.7124956912363637e-02,
       -5.7447100150260395e-03, -1.1065494901499505e+01,
       -1.1072118256141996e+01, 4.4316792492567338e+01,
       -1.9992994850053236e-01, -7.3829008401725127e-02,
       6.9965066726395218e-03, 4.2411709703767615e+00,
       -1.3037471323492618e+01, 4.7211350329032115e+01,
       -2.4686341503131193e-01, -6.6433104311003771e-02,
       9.3373415936608389e-02, 6.2351804130575985e+00,
       -6.9723970102708179e+00, 4.9390301490764116e+01,
       -2.9465650759814349e-01, -1.2305428501650836e-01,
       7.6569678314927447e-02, 8.0711393529757753e+00,
       2.6717855353916176e+00, 5.0408586470993576e+01,
       -2.1324375350828351e-01, -1.4804680843946488e-01,
       9.4013544990792605e-02, -2.9006644751363146e+00,
       1.8558170976819297e+00, 4.5669627508637312e+01,
       -1.5973607724614899e-01, -2.3146734676967731e-01,
       4.1845096054742043e-02, -1.7698219951271366e+01,
       1.8476072147975340e+00, 4.2405208455302819e+01,
       -1.3269693306095476e-01, -1.7541463604449092e-01,
       -3.9127229891832357e-02, -2.0150513169950610e+01,
       -2.1112190437364147e+00, 4.5395992669068882e+01,
       -2.5482190323432827e-02, -1.0369431108678499e-01,
       1.9367226635222219e-03, -7.2302107071880535e+00,
       -5.6222300167452044e+00, 2.5132743825073078e+01 ]
image_points: !!opencv-matrix
   rows: 10
   cols: 48
   dt: "2f"
   data: [ 1.23983467e+02, 8.07220001e+01, 1.40196533e+02,
       8.15388947e+01, 1.56338486e+02, 8.21398468e+01, 1.72415146e+02,
       8.24934082e+01, 1.87850769e+02, 8.33222656e+01, 2.03813614e+02,
       8.38132782e+01, 2.19472046e+02, 8.42879105e+01, 2.34752731e+02,
       8.46992264e+01, 1.23560020e+02, 9.67102890e+01, 1.39850021e+02,
       9.72785187e+01, 1.56231995e+02, 9.75653305e+01, 1.72169968e+02,
       9.84119797e+01, 1.87790054e+02, 9.86554031e+01, 2.03681488e+02,
       9.93230286e+01, 2.19493408e+02, 9.98066940e+01, 2.34928955e+02,
       1.00260094e+02, 1.22826271e+02, 1.12661285e+02, 1.39407852e+02,
       1.12996727e+02, 1.55691833e+02, 1.13563950e+02, 1.71674377e+02,
       1.13956932e+02, 1.87724380e+02, 1.14476395e+02, 2.03617279e+02,
       1.15011009e+02, 2.19495010e+02, 1.15361786e+02, 2.35006256e+02,
       1.15907906e+02, 1.22571922e+02, 1.28718369e+02, 1.39171768e+02,
       1.29152069e+02, 1.55428604e+02, 1.29560394e+02, 1.71551025e+02,
       1.29816788e+02, 1.87594467e+02, 1.30451233e+02, 2.03570206e+02,
       1.30633194e+02, 2.19532898e+02, 1.31302643e+02, 2.35129410e+02,
       1.31556290e+02, 1.22114532e+02, 1.45238846e+02, 1.38483124e+02,
       1.45564117e+02, 1.55291580e+02, 1.45626144e+02, 1.71476227e+02,
       1.46292480e+02, 1.87543472e+02, 1.46471237e+02, 2.03564438e+02,
       1.46743393e+02, 2.19537384e+02, 1.47329224e+02, 2.35443207e+02,
       1.47513428e+02, 1.21419746e+02, 1.61713837e+02, 1.38348251e+02,
       1.62199936e+02, 1.54612747e+02, 1.62430527e+02, 1.71163605e+02,
       1.62500916e+02, 1.87392883e+02, 1.62797806e+02, 2.03591110e+02,
       1.63328659e+02, 2.19558136e+02, 1.63418198e+02, 2.35551544e+02,
       1.63752136e+02, 3.67049408e+01, 2.35971622e+01, 5.47947960e+01,
       2.37304745e+01, 7.31689072e+01, 2.39014320e+01, 9.08975525e+01,
       2.43673820e+01, 1.08468544e+02, 2.46544476e+01, 1.26014771e+02,
       2.50279636e+01, 1.43258820e+02, 2.54916306e+01, 1.59996384e+02,
       2.55714970e+01, 3.66461258e+01, 4.06525154e+01, 5.47917747e+01,
       4.07132835e+01, 7.32850723e+01, 4.10569115e+01, 9.11193695e+01,
       4.14411774e+01, 1.08630264e+02, 4.15246887e+01, 1.26183693e+02,
       4.17458534e+01, 1.43380249e+02, 4.22969742e+01, 1.60332657e+02,
       4.24282036e+01, 3.65634232e+01, 5.81002426e+01, 5.48276024e+01,
       5.82124634e+01, 7.33737640e+01, 5.84041252e+01, 9.12957687e+01,
       5.84421844e+01, 1.08830818e+02, 5.85163727e+01, 1.26440765e+02,
       5.86485901e+01, 1.43664001e+02, 5.89332237e+01, 1.60539017e+02,
       5.90902367e+01, 3.65666885e+01, 7.54542007e+01, 5.49671326e+01,
       7.54375000e+01, 7.34031143e+01, 7.54506912e+01, 9.14163895e+01,
       7.54611588e+01, 1.09141144e+02, 7.55156784e+01, 1.26680641e+02,
       7.55858078e+01, 1.43964020e+02, 7.55910950e+01, 1.60874252e+02,
       7.56767883e+01, 3.65181580e+01, 9.29786606e+01, 5.49148788e+01,
       9.26931610e+01, 7.34431839e+01, 9.26734924e+01, 9.14994049e+01,
       9.26710663e+01, 1.09363441e+02, 9.26231003e+01, 1.26872887e+02,
       9.25441284e+01, 1.44250626e+02, 9.25374832e+01, 1.61197296e+02,
       9.24067230e+01, 3.65043945e+01, 1.10583321e+02, 5.49683647e+01,
       1.10447678e+02, 7.35112915e+01, 1.10324814e+02, 9.16658630e+01,
       1.10020134e+02, 1.09478836e+02, 1.09679268e+02, 1.27190071e+02,
       1.09547287e+02, 1.44524185e+02, 1.09497780e+02, 1.61514755e+02,
       1.09327385e+02, 8.34914246e+01, 3.99823799e+01, 1.00257484e+02,
       4.01269875e+01, 1.17159676e+02, 4.03107338e+01, 1.33512909e+02,
       4.04849205e+01, 1.49943634e+02, 4.06526604e+01, 1.66542770e+02,
       4.06500015e+01, 1.82810303e+02, 4.06681938e+01, 1.99114151e+02,
       4.07315788e+01, 8.31436005e+01, 5.59543877e+01, 1.00163902e+02,
       5.60412598e+01, 1.16976418e+02, 5.62510834e+01, 1.33526306e+02,
       5.62821617e+01, 1.50318298e+02, 5.64569817e+01, 1.66662933e+02,
       5.65268898e+01, 1.83064453e+02, 5.65454674e+01, 1.99368591e+02,
       5.65829048e+01, 8.27643051e+01, 7.21626587e+01, 9.98602371e+01,
       7.22346191e+01, 1.16881943e+02, 7.22710648e+01, 1.33553360e+02,
       7.23480682e+01, 1.50372681e+02, 7.23994522e+01, 1.66738510e+02,
       7.24709854e+01, 1.83483765e+02, 7.25156097e+01, 1.99929306e+02,
       7.24877853e+01, 8.24170380e+01, 8.85411453e+01, 9.95381699e+01,
       8.85478668e+01, 1.16669807e+02, 8.85243073e+01, 1.33563477e+02,
       8.85369644e+01, 1.50489471e+02, 8.85525131e+01, 1.67213745e+02,
       8.85339279e+01, 1.83703995e+02, 8.85165253e+01, 2.00202255e+02,
       8.85352783e+01, 8.22783890e+01, 1.05131203e+02, 9.93820877e+01,
       1.05018051e+02, 1.16548782e+02, 1.04919342e+02, 1.33557419e+02,
       1.04795303e+02, 1.50498352e+02, 1.04748344e+02, 1.67485001e+02,
       1.04722481e+02, 1.84094818e+02, 1.04717369e+02, 2.00791504e+02,
       1.04675247e+02, 8.15242462e+01, 1.22024231e+02, 9.92461700e+01,
       1.21700706e+02, 1.16433784e+02, 1.21563194e+02, 1.33544540e+02,
       1.21562714e+02, 1.50518234e+02, 1.21564568e+02, 1.67484985e+02,
       1.21482712e+02, 1.84565933e+02, 1.21445480e+02, 2.01188034e+02,
       1.21374969e+02, 1.82116669e+02, 3.26782837e+01, 1.97513062e+02,
