%YAML:1.0
calibration_time: "Di 17 Apr 2012 14:25:15 CEST"
nframes: 11
image_width: 640
image_height: 480
board_width: 8
board_height: 6
square_size: 2.5399999618530273e+00
flags: 0
camera_matrix: !!opencv-matrix
   rows: 3
   cols: 3
   dt: d
   data: [ 5.3082575793087972e+02, 0., 3.1231804332118639e+02, 0.,
       5.2993756816946768e+02, 2.2804143720952700e+02, 0., 0., 1. ]
distortion_coefficients: !!opencv-matrix
   rows: 5
   cols: 1
   dt: d
   data: [ 6.9192091416305793e-02, -2.2944383942391328e-01,
       2.1606347947085900e-03, -3.3436131525757371e-04,
       1.2607964327981949e-01 ]
avg_reprojection_error: 1.9626878564668013e-01
per_view_reprojection_errors: !!opencv-matrix
   rows: 11
   cols: 1
   dt: f
   data: [ 2.18366653e-01, 2.06272170e-01, 2.06450909e-01,
       1.98496729e-01, 2.30176002e-01, 1.78944454e-01, 2.03400210e-01,
       1.67572111e-01, 1.74514338e-01, 1.85811833e-01, 1.79011747e-01 ]
# a set of 6-tuples (rotation vector + translation vector) for each view
extrinsic_parameters: !!opencv-matrix
   rows: 11
   cols: 6
   dt: d
   data: [ 9.0889568912137647e-02, -4.4507170285069474e-02,
       1.5437337429996437e-02, -1.8054566308302626e+01,
       -1.1865720760655400e+01, 3.5984850811311510e+01,
       1.0041319599859126e-01, 3.6226127657014245e-02,
       -8.5329570094337566e-03, -6.9868645343980096e-01,
       -1.0745909952017207e+01, 3.4600863911236573e+01,
       -1.1817968320798763e-03, 3.6390251502806059e-02,
       8.4217676349130277e-04, 8.6510884277302558e-01,
       2.5330818638349450e+00, 3.8923259824320922e+01,
       2.8274765756680649e-02, -5.7878673232346758e-02,
       -2.1980135537238571e-03, -1.6386958496026843e+01,
       -1.8818915367531072e-01, 3.2489902023082934e+01,
       4.4673318047880946e-02, -1.1228368192337659e-02,
       1.3436316303591713e-02, -8.2242066491549917e+00,
       -5.6570420074574832e+00, 2.2111393680304793e+01,
       -2.2961652523885611e-02, -9.0587522447829161e-01,
       1.6636594443584063e-02, -1.4886203211794985e+01,
       -3.5533231689876317e+00, 3.3770000632797228e+01,
       -5.2237985748053349e-02, 6.6002404643333634e-01,
       2.8300803970265614e-02, -1.9321338878679808e+00,
       -5.0013180460764994e+00, 3.9668896673911377e+01,
       -1.5467395689480445e-01, 1.1342933696555464e-01,
       1.0181484857107402e-02, 1.6760231425964399e+01,
       1.2993988111132499e+01, 6.7119654728209099e+01,
       -9.5865196433559660e-02, -4.0162742440596706e-02,
       -1.4822942760570841e-02, -3.1887403607277971e+01,
       1.2145300380993763e+01, 6.0905613494841383e+01,
       7.1680446638187012e-02, -2.1442174043025859e-02,
       -9.5871678922621276e-03, -3.2319154139980363e+01,
       -2.2129168550901703e+01, 6.3229027423276740e+01,
       7.8227427304038186e-02, 1.3277717967421440e-01,
       3.3859794712649362e-02, 2.0123078577788167e+01,
       -2.5846028311383844e+01, 7.0013169519663407e+01 ]
image_points: !!opencv-matrix
   rows: 11
   cols: 48
   dt: "2f"
   data: [ 4.57780228e+01, 5.35747452e+01, 8.32707596e+01,
       5.42852554e+01, 1.21321190e+02, 5.47545433e+01, 1.59225464e+02,
       5.61510811e+01, 1.96578522e+02, 5.67773895e+01, 2.33962570e+02,
       5.78756638e+01, 2.71347961e+02, 5.92733955e+01, 3.07756653e+02,
       5.97524910e+01, 4.63518524e+01, 9.15239487e+01, 8.39326782e+01,
       9.19100723e+01, 1.21652565e+02, 9.30873108e+01, 1.59514877e+02,
       9.36564560e+01, 1.96619415e+02, 9.46671371e+01, 2.33962524e+02,
       9.59136963e+01, 2.70787811e+02, 9.64931564e+01, 3.07425629e+02,
       9.76755600e+01, 4.72823143e+01, 1.28914490e+02, 8.44798584e+01,
       1.29758148e+02, 1.22446030e+02, 1.30303497e+02, 1.59711609e+02,
       1.31418823e+02, 1.96651794e+02, 1.31814041e+02, 2.33850220e+02,
       1.33131485e+02, 2.70519012e+02, 1.33540466e+02, 3.06984222e+02,
       1.34576218e+02, 4.77692719e+01, 1.66302414e+02, 8.53572311e+01,
       1.66680527e+02, 1.22815521e+02, 1.67285706e+02, 1.59974762e+02,
       1.68309265e+02, 1.96834183e+02, 1.68631287e+02, 2.33724838e+02,
       1.69604355e+02, 2.70444031e+02, 1.70073837e+02, 3.06122864e+02,
       1.70997818e+02, 4.88437881e+01, 2.03221924e+02, 8.58423920e+01,
       2.03533371e+02, 1.23257683e+02, 2.03880600e+02, 1.60281174e+02,
       2.04657257e+02, 1.96912766e+02, 2.05237061e+02, 2.33596481e+02,
       2.05593124e+02, 2.70179169e+02, 2.06380127e+02, 3.05666565e+02,
       2.06695862e+02, 4.95421677e+01, 2.39402283e+02, 8.63601074e+01,
       2.40041687e+02, 1.23740456e+02, 2.40387512e+02, 1.60642303e+02,
       2.40515366e+02, 1.96896011e+02, 2.40901810e+02, 2.33530762e+02,
       2.41588104e+02, 2.69477020e+02, 2.41936310e+02, 3.05140198e+02,
       2.42199646e+02, 3.01454315e+02, 6.29827805e+01, 3.40661835e+02,
       6.24491920e+01, 3.80091431e+02, 6.15162582e+01, 4.19631012e+02,
       6.10357780e+01, 4.59486084e+02, 6.01150818e+01, 4.99702850e+02,
       5.94983978e+01, 5.39649719e+02, 5.92086830e+01, 5.78856201e+02,
       5.89192352e+01, 3.02194519e+02, 1.02708992e+02, 3.40811890e+02,
       1.02446114e+02, 3.79847595e+02, 1.01544815e+02, 4.19381287e+02,
       1.01164169e+02, 4.58619904e+02, 1.00495514e+02, 4.98617889e+02,
       9.96188583e+01, 5.38447754e+02, 9.94665146e+01, 5.78222961e+02,
       9.91370163e+01, 3.02522003e+02, 1.42241440e+02, 3.41063232e+02,
       1.41467850e+02, 3.79631927e+02, 1.41180359e+02, 4.18669281e+02,
       1.40663757e+02, 4.58223969e+02, 1.39806305e+02, 4.97943726e+02,
       1.39494110e+02, 5.37367004e+02, 1.39162643e+02, 5.76886169e+02,
       1.38573257e+02, 3.02752045e+02, 1.80608841e+02, 3.41128540e+02,
       1.79954819e+02, 3.79592255e+02, 1.79578339e+02, 4.18288300e+02,
       1.79468231e+02, 4.57215240e+02, 1.79216492e+02, 4.96659058e+02,
       1.78500839e+02, 5.36583984e+02, 1.78038589e+02, 5.75416321e+02,
       1.77905838e+02, 3.03461731e+02, 2.18404953e+02, 3.41237579e+02,
       2.18119965e+02, 3.79550720e+02, 2.17929596e+02, 4.18139404e+02,
       2.17796692e+02, 4.56608978e+02, 2.17532242e+02, 4.96179565e+02,
       2.17276993e+02, 5.35304321e+02, 2.16807617e+02, 5.74009399e+02,
       2.16635620e+02, 3.04002594e+02, 2.56105286e+02, 3.41380981e+02,
       2.55908218e+02, 3.79527161e+02, 2.55684402e+02, 4.17766724e+02,
       2.55463562e+02, 4.56374268e+02, 2.55404129e+02, 4.95212677e+02,
       2.55327774e+02, 5.33843079e+02, 2.55250336e+02, 5.72595520e+02,
       2.54950165e+02, 3.23850677e+02, 2.62592957e+02, 3.58676849e+02,
       2.62636261e+02, 3.94004272e+02, 2.62734955e+02, 4.29340302e+02,
       2.62843079e+02, 4.64551636e+02, 2.63240479e+02, 5.00473358e+02,
       2.63402313e+02, 5.36443359e+02, 2.63794556e+02, 5.71945923e+02,
       2.63918945e+02, 3.23843018e+02, 2.97307678e+02, 3.58694427e+02,
       2.97569519e+02, 3.94111328e+02, 2.97847961e+02, 4.29373566e+02,
       2.98053192e+02, 4.64610138e+02, 2.98448608e+02, 5.00457520e+02,
       2.98659698e+02, 5.36393066e+02, 2.99181519e+02, 5.71862305e+02,
       2.99328705e+02, 3.23902374e+02, 3.31877136e+02, 3.58723694e+02,
       3.32305023e+02, 3.94154053e+02, 3.32800140e+02, 4.29418427e+02,
       3.33249664e+02, 4.64615265e+02, 3.33539520e+02, 5.00567688e+02,
       3.33873779e+02, 5.36428467e+02, 3.34395477e+02, 5.71799133e+02,
       3.34556793e+02, 3.23971893e+02, 3.66828796e+02, 3.58737671e+02,
       3.67313782e+02, 3.94235291e+02, 3.67885895e+02, 4.29454926e+02,
       3.68459137e+02, 4.64672974e+02, 3.68627899e+02, 5.00530273e+02,
       3.69026123e+02, 5.36445801e+02, 3.69614990e+02, 5.71516907e+02,
       3.69640259e+02, 3.24219971e+02, 4.02081726e+02, 3.59011963e+02,
       4.02538025e+02, 3.94387665e+02, 4.03225922e+02, 4.29591034e+02,
       4.03591614e+02, 4.64771667e+02, 4.03974091e+02, 5.00675995e+02,
       4.04510559e+02, 5.36228882e+02, 4.04783722e+02, 5.71157410e+02,
       4.04828827e+02, 3.24363312e+02, 4.37350342e+02, 3.59127716e+02,
       4.37741302e+02, 3.94452576e+02, 4.38420441e+02, 4.29556488e+02,
