%YAML:1.0
calibration_time: "Fr 09 Dez 2011 14:42:44 CET"
nframes: 13
image_width: 320
image_height: 240
board_width: 8
board_height: 6
square_size: 2.5399999618530273e+01
flags: 0
camera_matrix: !!opencv-matrix
   rows: 3
   cols: 3
   dt: d
   data: [ 3.4994047369817594e+02, 0., 1.6095562857930133e+02, 0.,
       3.4498560432802299e+02, 1.2928723860966835e+02, 0., 0., 1. ]
distortion_coefficients: !!opencv-matrix
   rows: 5
   cols: 1
   dt: d
   data: [ 7.9290734461368348e-02, -2.6109330362053700e-02,
       9.9421037484925083e-03, -9.4320083525038887e-04,
       -3.7725216372706805e-01 ]
avg_reprojection_error: 5.5787924928922472e-01
per_view_reprojection_errors: !!opencv-matrix
   rows: 13
   cols: 1
   dt: f
   data: [ 1.30951390e-01, 1.08968660e-01, 1.31865770e-01,
       1.03244357e-01, 1.09548517e-01, 1.05942167e-01, 1.25438347e-01,
       1.15422584e-01, 1.16287343e-01, 1.47161335e-01, 1.47922665e-01,
       1.17231004e-01, 1.96617007e+00 ]
# a set of 6-tuples (rotation vector + translation vector) for each view
extrinsic_parameters: !!opencv-matrix
   rows: 13
   cols: 6
   dt: d
   data: [ -6.8281914684542477e-02, -1.2884031018741804e-01,
       1.3180668892008198e-02, -8.9545485282929150e+01,
       -8.8039048308404759e+01, 5.8220901654411364e+02,
       1.6016848718788397e-02, -2.2967334566494491e-01,
       -5.0504446978220353e-02, -1.9672304256537282e+02,
       -1.6562141147579837e+02, 5.5105341326565417e+02,
       4.1390674624058529e-02, -1.3238493483784597e-01,
       -2.5849754712065222e-02, -1.0028646538146684e+02,
       -1.7219545920421254e+02, 5.6974150296706580e+02,
       2.8190752389922850e-02, 3.4657033401414135e-02,
       1.2893209635807779e-02, 3.3260964985247398e+01,
       -1.7756512157680208e+02, 5.9721715197781157e+02,
       -2.2497150225389988e-02, 4.7134968567190329e-02,
       2.5668589130776017e-02, 5.2145087183421118e+01,
       -8.6607070936926618e+01, 6.1052286429640662e+02,
       -1.7721862423673365e-01, 2.9884220334302682e-02,
       1.0709487297864726e-02, 4.7835859307304304e+01,
       1.8959313109233108e+01, 6.4158532368702970e+02,
       -1.3861957825818269e-01, -1.1034347760573154e-01,
       2.4941974611781839e-02, -8.6106515006750627e+01,
       1.5181002836454237e+01, 6.1577435801087802e+02,
       -1.6780189841103774e-01, -2.2639195555479147e-01,
       1.0511818541545991e-02, -2.0106441045832932e+02,
       1.0233257172131623e+01, 5.7726539523706890e+02,
       -9.4383200681852700e-02, -2.5533042004505146e-01,
       -3.5499056006966179e-02, -2.1281998650799562e+02,
       -5.3323281593866803e+01, 5.5735018029627588e+02,
       -7.6556325264973568e-01, 1.8839768543331688e-02,
       1.2985425379321540e-02, -9.0263616410901861e+01,
       -6.3153011515791789e+01, 3.9874290432476113e+02,
       -7.0728548114815229e-02, -6.3653381570560152e-01,
       2.5875120591004774e-02, -3.4334773394034791e+01,
       -7.2463840103943326e+01, 3.0377063187646331e+02,
       4.9992664340992565e-01, -4.6960605046520443e-02,
       2.0548623489753007e-02, -8.3347503075513956e+01,
       -4.8725624336432432e+01, 3.7233861052737984e+02,
       -1.6147680573476919e-01, 6.8050089733485120e-01,
       2.7834124197262052e-02, -9.5246440642480039e+01,
       -6.6030253745142701e+01, 4.5216126606648572e+02 ]
image_points: !!opencv-matrix
   rows: 13
   cols: 48
   dt: "2f"
   data: [ 1.07015327e+02, 7.72898102e+01, 1.22396683e+02,
       7.76342697e+01, 1.37630692e+02, 7.84157791e+01, 1.52635788e+02,
       7.87149429e+01, 1.67444611e+02, 7.95137634e+01, 1.82268204e+02,
       7.99376755e+01, 1.96676178e+02, 8.05160294e+01, 2.11091522e+02,
       8.08798218e+01, 1.06759117e+02, 9.22418289e+01, 1.22256844e+02,
       9.25576019e+01, 1.37487305e+02, 9.30327225e+01, 1.52538300e+02,
       9.35437012e+01, 1.67406342e+02, 9.39628906e+01, 1.82223358e+02,
       9.45301437e+01, 1.96669662e+02, 9.46855850e+01, 2.11136856e+02,
       9.54622192e+01, 1.06458122e+02, 1.07114174e+02, 1.21955795e+02,
       1.07486786e+02, 1.37379227e+02, 1.07683113e+02, 1.52426788e+02,
       1.08403625e+02, 1.67337631e+02, 1.08497200e+02, 1.82194046e+02,
       1.08878838e+02, 1.96673752e+02, 1.09516541e+02, 2.11203308e+02,
       1.09543869e+02, 1.06158981e+02, 1.22194565e+02, 1.21615639e+02,
       1.22518311e+02, 1.37114487e+02, 1.22532959e+02, 1.52267303e+02,
       1.22977791e+02, 1.67212387e+02, 1.23491295e+02, 1.82094513e+02,
       1.23508926e+02, 1.96694687e+02, 1.23759926e+02, 2.11236313e+02,
       1.24389305e+02, 1.05778267e+02, 1.37474686e+02, 1.21374367e+02,
       1.37516525e+02, 1.36800659e+02, 1.37571671e+02, 1.52128677e+02,
       1.37858231e+02, 1.67020477e+02, 1.38302963e+02, 1.82038971e+02,
       1.38505020e+02, 1.96667099e+02, 1.38542435e+02, 2.11320923e+02,
       1.38786926e+02, 1.05476707e+02, 1.52616119e+02, 1.21194160e+02,
       1.52657410e+02, 1.36567688e+02, 1.52733109e+02, 1.51825562e+02,
       1.53080963e+02, 1.66928268e+02, 1.53282913e+02, 1.82012436e+02,
       1.53487885e+02, 1.96676239e+02, 1.53501587e+02, 2.11354660e+02,
       1.53584930e+02, 3.52020531e+01, 2.55606899e+01, 5.22000427e+01,
       2.57566223e+01, 6.88697739e+01, 2.62404270e+01, 8.52347565e+01,
       2.64660397e+01, 1.01018097e+02, 2.66493855e+01, 1.16670731e+02,
       2.68807793e+01, 1.31922485e+02, 2.73008404e+01, 1.46759552e+02,
       2.74697437e+01, 3.59776459e+01, 4.15691109e+01, 5.30265770e+01,
       4.16328964e+01, 6.96906357e+01, 4.16976204e+01, 8.60622559e+01,
       4.19215889e+01, 1.01837204e+02, 4.21633110e+01, 1.17527435e+02,
       4.22910423e+01, 1.32667984e+02, 4.23941612e+01, 1.47548782e+02,
       4.24361649e+01, 3.68455734e+01, 5.75568008e+01, 5.39083710e+01,
       5.74558220e+01, 7.06479645e+01, 5.75099411e+01, 8.68119431e+01,
       5.74796066e+01, 1.02675476e+02, 5.74928322e+01, 1.18359398e+02,
       5.74499855e+01, 1.33497696e+02, 5.73468399e+01, 1.48388901e+02,
       5.72058449e+01, 3.77618446e+01, 7.35156174e+01, 5.47665215e+01,
       7.33764420e+01, 7.14908447e+01, 7.30780106e+01, 8.76909485e+01,
       7.27386246e+01, 1.03558655e+02, 7.25082703e+01, 1.19122849e+02,
       7.24931870e+01, 1.34357468e+02, 7.22062836e+01, 1.49048782e+02,
       7.17818909e+01, 3.86511993e+01, 8.94967499e+01, 5.55932922e+01,
       8.90287094e+01, 7.23670731e+01, 8.85154114e+01, 8.85642929e+01,
       8.83344116e+01, 1.04341850e+02, 8.76539993e+01, 1.19907387e+02,
       8.75314941e+01, 1.35013611e+02, 8.70583267e+01, 1.49777069e+02,
       8.64984589e+01, 3.95310478e+01, 1.05401154e+02, 5.65030785e+01,
       1.04587662e+02, 7.32799149e+01, 1.04237419e+02, 8.93623810e+01,
       1.03501404e+02, 1.05100700e+02, 1.03048065e+02, 1.20666817e+02,
       1.02517807e+02, 1.35730789e+02, 1.01845367e+02, 1.50542511e+02,
       1.01508133e+02, 9.91284637e+01, 2.51084499e+01, 1.14961182e+02,
       2.53794098e+01, 1.30574463e+02, 2.55168953e+01, 1.45960449e+02,
       2.56107883e+01, 1.61173691e+02, 2.58445911e+01, 1.76294266e+02,
       2.60887890e+01, 1.91143967e+02, 2.62666798e+01, 2.05710052e+02,
       2.63701611e+01, 9.96222229e+01, 4.05846024e+01, 1.15400543e+02,
       4.06859665e+01, 1.31098724e+02, 4.08202934e+01, 1.46421768e+02,
       4.10395126e+01, 1.61483154e+02, 4.12234192e+01, 1.76529526e+02,
       4.13168907e+01, 1.91385254e+02, 4.13488121e+01, 2.05924484e+02,
       4.13944893e+01, 1.00134331e+02, 5.62559738e+01, 1.15913544e+02,
       5.62793159e+01, 1.31465683e+02, 5.63367958e+01, 1.46669266e+02,
       5.63544083e+01, 1.61737671e+02, 5.63504906e+01, 1.76834290e+02,
       5.63257828e+01, 1.91608231e+02, 5.62908363e+01, 2.06302719e+02,
       5.61334953e+01, 1.00661018e+02, 7.15159225e+01, 1.16348839e+02,
       7.14957504e+01, 1.31815018e+02, 7.15011139e+01, 1.47189041e+02,
       7.14430084e+01, 1.62247894e+02, 7.13434143e+01, 1.77166290e+02,
       7.11880798e+01, 1.91893997e+02, 7.09009171e+01, 2.06489349e+02,
       7.06956558e+01, 1.01142380e+02, 8.67875900e+01, 1.16750015e+02,
