%YAML:1.0
calibration_time: "Fr 09 Dez 2011 14:03:05 CET"
nframes: 12
image_width: 640
image_height: 480
board_width: 8
board_height: 6
square_size: 2.5399999618530273e+01
flags: 0
camera_matrix: !!opencv-matrix
   rows: 3
   cols: 3
   dt: d
   data: [ 6.8705674524715369e+02, 0., 3.2247408553474844e+02, 0.,
       6.8706884713598436e+02, 2.3516410193267001e+02, 0., 0., 1. ]
distortion_coefficients: !!opencv-matrix
   rows: 5
   cols: 1
   dt: d
   data: [ 7.8476716928625428e-02, 6.7467802000795871e-02,
       -2.5471787871330720e-03, 3.5296036923083618e-03,
       -5.6228814807310512e-01 ]
avg_reprojection_error: 1.5799417316032072e-01
per_view_reprojection_errors: !!opencv-matrix
   rows: 12
   cols: 1
   dt: f
   data: [ 9.59296748e-02, 8.87136459e-02, 7.76364952e-02,
       1.08329706e-01, 1.14784881e-01, 1.10572457e-01, 9.10570547e-02,
       9.46423337e-02, 2.76512325e-01, 2.23125800e-01, 2.22937927e-01,
       2.14743197e-01 ]
# a set of 6-tuples (rotation vector + translation vector) for each view
extrinsic_parameters: !!opencv-matrix
   rows: 12
   cols: 6
   dt: d
   data: [ 1.5425903800683980e-02, -7.3570703795189485e-02,
       -2.3027021324348425e-02, -1.5941646525200355e+02,
       -1.7984673619315302e+02, 9.9058062805316183e+02,
       7.4225220428928602e-03, -9.4592547171215249e-02,
       -7.2053857025964714e-03, -4.0273600183374162e+02,
       -2.8193446146263017e+02, 9.6906963966388525e+02,
       5.1434630493671243e-04, -4.2442821610492912e-02,
       -5.2861856680583340e-03, -1.2401720714248951e+02,
       -3.0178301717651152e+02, 9.9801893639786545e+02,
       2.2129835822849785e-02, 5.4166477573820461e-02,
       1.9179425289459734e-02, 2.0666979255723086e+02,
       -2.9093506792630495e+02, 9.8313768093170495e+02,
       3.0166211180826252e-02, 7.4796050595911240e-02,
       2.6763241104744411e-02, 2.1634758709578011e+02,
       -1.3592619379684956e+02, 9.7690181751148259e+02,
       -2.3765887764945687e-01, 9.8043080406746586e-02,
       3.0723423297931703e-02, 2.0160717845587021e+02,
       1.5956477534930426e+02, 9.8171778716081428e+02,
       -2.4984927647900013e-01, -1.1001861976956664e-01,
       3.3268716633212563e-02, -2.3573648944027436e+01,
       1.6326425941931376e+02, 1.0036516033097885e+03,
       -3.3577967517208707e-01, -1.1360243456602635e-01,
       1.4547310241260155e-02, -3.8400995818110567e+02,
       1.5461454939764468e+02, 9.7090344926799912e+02,
       -1.2381225022379618e+00, 7.7158710999780639e-02,
       7.4399476816429016e-03, -8.8754599649734814e+01,
       1.7720766196128245e+01, 4.1708644227481125e+02,
       -2.1046121421029590e-01, -7.3320752274543877e-01,
       8.8407195083608156e-03, -6.0048609584158939e+01,
       -6.6532733697623982e+01, 3.1658019004915695e+02,
       6.5605538207816227e-01, -7.2849882569473974e-03,
       1.5924595584502037e-02, -9.2230000540948907e+01,
       -2.6727147886690872e+01, 3.2881598085227398e+02,
       -9.9258236593922217e-02, 7.5815570851533487e-01,
       3.1720942473833155e-02, -1.1603433247453899e+02,
       -6.3087992661582575e+01, 4.8670443999666264e+02 ]
image_points: !!opencv-matrix
   rows: 12
   cols: 48
   dt: "2f"
   data: [ 2.11500931e+02, 1.09776199e+02, 2.29302200e+02,
       1.09561417e+02, 2.47107986e+02, 1.09513908e+02, 2.64812073e+02,
       1.09253143e+02, 2.82523804e+02, 1.09144455e+02, 2.99963501e+02,
       1.09007568e+02, 3.17513184e+02, 1.08821846e+02, 3.34831543e+02,
       1.08716042e+02, 2.12137192e+02, 1.27583023e+02, 2.29893082e+02,
       1.27427116e+02, 2.47576721e+02, 1.27260605e+02, 2.65331543e+02,
       1.27137810e+02, 2.82867889e+02, 1.26882591e+02, 3.00394867e+02,
       1.26721107e+02, 3.17818726e+02, 1.26556854e+02, 3.35225250e+02,
       1.26350502e+02, 2.12640015e+02, 1.45429688e+02, 2.30360519e+02,
       1.45138641e+02, 2.48058868e+02, 1.44950150e+02, 2.65717041e+02,
       1.44833588e+02, 2.83212585e+02, 1.44622559e+02, 3.00738861e+02,
       1.44392288e+02, 3.18292358e+02, 1.44141479e+02, 3.35485657e+02,
       1.43779022e+02, 2.13028275e+02, 1.63095566e+02, 2.30798615e+02,
       1.62879578e+02, 2.48529892e+02, 1.62697464e+02, 2.66209595e+02,
       1.62512451e+02, 2.83571075e+02, 1.62192017e+02, 3.01068390e+02,
       1.61816376e+02, 3.18646271e+02, 1.61543793e+02, 3.35876953e+02,
       1.61187073e+02, 2.13541306e+02, 1.80791565e+02, 2.31280930e+02,
       1.80592941e+02, 2.48896652e+02, 1.80307343e+02, 2.66671295e+02,
       1.79886658e+02, 2.83998627e+02, 1.79523483e+02, 3.01534149e+02,
       1.79246506e+02, 3.18863495e+02, 1.78905930e+02, 3.36282501e+02,
       1.78664185e+02, 2.14127396e+02, 1.98571442e+02, 2.31659515e+02,
       1.98242157e+02, 2.49311722e+02, 1.97789261e+02, 2.66969055e+02,
       1.97491257e+02, 2.84509064e+02, 1.97066376e+02, 3.01867432e+02,
       1.96713104e+02, 3.19353119e+02, 1.96396057e+02, 3.36672882e+02,
       1.96015884e+02, 3.36696320e+01, 3.19049320e+01, 5.24305763e+01,
       3.23821564e+01, 7.12335052e+01, 3.30458717e+01, 8.99620667e+01,
       3.34645691e+01, 1.08630844e+02, 3.40252228e+01, 1.27007881e+02,
       3.45001945e+01, 1.45493958e+02, 3.49637794e+01, 1.63786316e+02,
       3.54812469e+01, 3.38452835e+01, 5.03697739e+01, 5.27646179e+01,
       5.08742218e+01, 7.14906235e+01, 5.13255386e+01, 9.03881073e+01,
       5.17967720e+01, 1.08873947e+02, 5.22814751e+01, 1.27419434e+02,
       5.27403870e+01, 1.45795502e+02, 5.30964432e+01, 1.64202271e+02,
       5.36127167e+01, 3.43283234e+01, 6.88560791e+01, 5.30482864e+01,
       6.92209015e+01, 7.17156143e+01, 6.96410522e+01, 9.05635376e+01,
       7.00218353e+01, 1.09169327e+02, 7.04663086e+01, 1.27705376e+02,
       7.08943787e+01, 1.46258316e+02, 7.12735672e+01, 1.64525436e+02,
       7.17251816e+01, 3.44954262e+01, 8.72633667e+01, 5.33511772e+01,
       8.75536652e+01, 7.21652298e+01, 8.78112564e+01, 9.08662796e+01,
       8.82589493e+01, 1.09494659e+02, 8.86465454e+01, 1.28150406e+02,
       8.90455627e+01, 1.46576279e+02, 8.93167496e+01, 1.64770050e+02,
       8.97238083e+01, 3.48118401e+01, 1.05516739e+02, 5.35393143e+01,
       1.05756729e+02, 7.24910583e+01, 1.06171440e+02, 9.11378784e+01,
       1.06413811e+02, 1.09746361e+02, 1.06702469e+02, 1.28390991e+02,
       1.07015587e+02, 1.46810516e+02, 1.07437775e+02, 1.64998993e+02,
       1.07733490e+02, 3.50003891e+01, 1.23825043e+02, 5.38189507e+01,
       1.24025955e+02, 7.27304688e+01, 1.24369667e+02, 9.15636749e+01,
       1.24616653e+02, 1.10251472e+02, 1.24833138e+02, 1.28658310e+02,
       1.25157600e+02, 1.47006088e+02, 1.25414719e+02, 1.65260376e+02,
       1.25608803e+02, 2.36647827e+02, 2.52989807e+01, 2.54288437e+02,
       2.54505215e+01, 2.71820282e+02, 2.56531582e+01, 2.89560883e+02,
       2.58019581e+01, 3.07168732e+02, 2.60805244e+01, 3.24629883e+02,
       2.61002541e+01, 3.42303375e+02, 2.62423248e+01, 3.59657471e+02,
       2.62488708e+01, 2.36798416e+02, 4.32629166e+01, 2.54381607e+02,
       4.33620720e+01, 2.72023224e+02, 4.35320778e+01, 2.89683502e+02,
       4.36748085e+01, 3.07218170e+02, 4.38702049e+01, 3.24659760e+02,
       4.39375725e+01, 3.42263031e+02, 4.39235764e+01, 3.59709656e+02,
       4.40247917e+01, 2.36971558e+02, 6.11237068e+01, 2.54514526e+02,
       6.11854057e+01, 2.72092468e+02, 6.13519440e+01, 2.89739807e+02,
       6.15180244e+01, 3.07226166e+02, 6.16494370e+01, 3.24731171e+02,
       6.16350784e+01, 3.42309296e+02, 6.17082062e+01, 3.59718475e+02,
       6.16581497e+01, 2.37134323e+02, 7.88390808e+01, 2.54683044e+02,
       7.89633942e+01, 2.72229675e+02, 7.90943832e+01, 2.89796722e+02,
       7.91733017e+01, 3.07340027e+02, 7.93240585e+01, 3.24763977e+02,
       7.93312225e+01, 3.42378510e+02, 7.93184128e+01, 3.59713470e+02,
       7.93390808e+01, 2.37317322e+02, 9.66032639e+01, 2.54825409e+02,
       9.67176743e+01, 2.72403290e+02, 9.68358154e+01, 2.89957611e+02,
       9.68278961e+01, 3.07456085e+02, 9.69489517e+01, 3.24818237e+02,
       9.69275742e+01, 3.42401703e+02, 9.69064865e+01, 3.59785004e+02,
